grid_0 = off
grid_0 = off
#cam rotation: 
camR0_0: 0.982993 -0.066038 0.171348 0.000000
camR1_0: -0.114042 -0.950881 0.287763 0.000000
camR2_0: 0.143930 -0.302410 -0.942244 0.000000
camR3_0: 0.000000 0.000000 0.000000 0.999999
camT0_0: 1.000000 0.000000 0.000000 0.000000
camT1_0: 0.000000 1.000000 0.000000 0.000000
camT2_0: 0.000000 0.000000 1.000000 0.000000
camT3_0: -313.000000 -211.000000 5000.000000 1.000000
camS0_0: 39.276730 0.000000 0.000000 0.000000
camS1_0: 0.000000 39.276730 0.000000 0.000000
camS2_0: 0.000000 0.000000 39.276730 0.000000
camS3_0: 0.000000 0.000000 0.000000 1.000000
